0 661 624 579 0 a
16 758 769 564 0 a
28 763 766 565 0 a
7 761 769 562 0 a
0 757 769 561 0 a
318 0 0 581 0 b
397 0 0 367 0 b
1664 0 0 736 0 b
1851 0 0 939 0 b
723 0 0 409 0 b
925 24 0 1086 0 c
15 25 0 57 0 c
095 132 0 133 0 c
1621 141 0 158 0 c
910 213 0 287 0 c
2199 214 0 283 0 c
73 219 0 285 0 c
4095 0 45 2992 0 d
1749 0 45 1879 0 d
4095 0 44 4002 0 d
4095 0 38 2625 0 d
4095 23 0 3597 0 e
3775 29 0 3411 0 e
70 2 16 0 0 e
3109 0 0 2946 0 e
1834 0 0 2106 0 e
1954 0 0 1169 0 f
4095 0 0 4045 0 f
569 0 0 469 0 f
4095 0 0 4045 0 f
3759 0 0 3260 0 f
2118 0 0 2222 0 f
1354 0 0 1186 0 f
336 0 464 310 0 g
759 0 464 602 0 g
795 0 462 639 0 g
841 0 464 677 0 g
4095 0 463 3761 0 g
3583 0 0 3097 0 h
3742 0 0 3200 0 h
4095 0 0 3450 0 h
4095 0 0 413 0 h
384 0 0 431 0 h
4095 0 98 4095 0 i
2832 0 117 371 0 i
2735 0 115 372 0 i
2522 0 112 371 0 i
669 0 117 369 0 i
4095 0 115 373 0 i
4095 0 114 374 0 i
4095 0 114 372 0 i
0 0 117 368 0 j
0 53 194 368 0 j
4095 64 193 368 0 j
0 53 193 367 0 j
4095 61 195 368 0 j
0 63 194 368 0 j
0 64 193 368 0 j
1596 55 193 368 0 j
0 59 193 367 0 j
0 57 193 368 0 j
4095 58 195 368 0 j
0 54 190 365 0 j
4095 53 193 368 0 j
4095 62 197 368 0 j
4095 0 0 4049 0 k
4095 0 0 4070 0 k
1811 0 0 933 0 k
688 0 0 414 0 k
4095 0 0 4003 0 k
4095 0 0 3982 0 k
4095 0 0 2970 0 k
4095 0 0 2437 0 k
4095 0 0 3987 0 k
3437 0 0 2416 0 k
3357 0 0 2889 0 k
4095 0 411 3381 0 l
4095 0 400 3600 0 l
4095 0 395 4095 0 l
1669 0 400 1592 0 l
1266 0 400 1271 0 l
1009 0 400 1079 0 l
4095 0 398 4095 0 l
356 0 404 371 0 l
4095 0 278 4095 0 l
4095 0 279 4095 0 l
3654 0 0 2885 0 m
3505 0 0 2783 0 m
1663 0 0 1597 0 m
2397 401 643 787 0 m
0 347 411 0 0 m
4095 339 413 4095 0 m
80 347 413 208 0 m
1486 350 413 1535 0 m
1633 342 384 2454 0 m
4095 336 371 3919 0 m
4095 337 373 4095 0 m
61 342 375 0 0 m
4095 336 369 4095 0 n
4095 167 288 4095 0 n
1630 175 290 1889 0 n
2106 174 274 2354 0 n
4095 176 275 4095 0 n
4095 166 272 3310 0 n
4095 172 278 4095 0 n
3064 171 274 2881 0 n
4095 176 272 4095 0 n
4095 3235 0 4095 0 o
4095 3252 0 4095 0 o
2547 1149 0 1346 0 o
3186 401 0 1587 0 o
1261 2822 0 4065 0 o
4095 3613 0 4095 0 o
4095 3457 0 4095 0 o
1239 0 0 2041 0 o
1039 0 0 1044 0 o
2384 0 0 192 0 p
747 0 0 191 0 p
643 0 481 827 0 p
4095 0 282 849 0 p
899 0 154 0 0 p
4095 0 154 4095 0 p
0 0 324 912 0 p
0 0 401 983 0 p
0 0 414 983 0 p
861 0 425 982 0 p
0 0 417 989 0 p
0 0 416 985 0 p
0 0 415 979 0 p
0 0 416 976 0 p
3383 0 415 976 0 p
4095 0 685 1017 0 q
33 0 624 900 0 q
4095 0 0 926 0 q
4095 0 0 927 0 q
0 0 0 929 0 q
4095 0 0 926 0 q
674 0 0 0 0 r
123 0 0 267 0 r
1481 0 0 1799 0 r
1463 0 0 893 0 r
1905 0 0 979 0 r
2512 0 0 2880 0 r
0 363 405 0 0 s
0 361 406 0 0 s
0 368 407 0 0 s
0 366 411 0 0 s
0 367 413 0 0 s
0 362 407 34 0 s
300 367 410 272 0 s
4095 363 410 3902 0 s
2624 357 407 2458 0 s
752 358 403 1072 0 s
4095 0 334 4095 0 t
4095 0 335 4095 0 t
4095 0 336 3111 0 t
0 0 336 0 0 t
869 0 336 640 0 t
1747 0 336 1047 0 t
4095 0 333 4095 0 t
202 0 336 230 0 t
1117 0 0 998 0 u
288 0 0 279 0 u
4095 0 0 4095 0 u
2643 0 0 1698 0 u
3470 0 0 2115 0 u
33 0 0 163 0 u
3264 0 0 3091 0 u
4095 0 0 3317 0 u
147 0 0 254 0 u
2916 1185 0 1983 0 u
2670 0 0 1969 0 u
2595 0 0 2180 0 u
1109 304 0 129 0 v
2398 304 0 51 0 v
1166 0 0 1623 0 v
1591 0 0 381 0 v
1794 0 0 1974 0 v
3613 0 0 3779 0 v
3456 0 0 3568 0 v
2472 0 0 2622 0 v
4095 108 0 0 0 w
3129 0 0 0 0 w
4095 0 0 0 0 w
2345 0 0 0 0 w
3037 0 0 0 0 w
0 48 414 0 0 x
4095 0 471 3001 0 x
4095 179 558 4095 0 x
411 285 555 622 0 x
666 114 557 882 0 x
790 120 552 962 0 x
291 83 555 339 0 x
4095 102 552 4095 0 x
0 103 557 0 0 x
4095 100 555 4050 0 x
4095 177 555 4095 0 x
4095 181 554 4095 0 x
0 182 550 0 0 x
11 149 557 151 0 x
2530 160 0 1808 0 y
2442 302 229 2409 0 y
1950 306 241 2043 0 y
4095 310 240 4095 0 y
4095 315 241 4095 0 y
0 312 243 0 0 y
0 319 243 0 0 y
4095 307 244 4095 0 y
4095 318 241 4078 0 y
4095 313 244 4095 0 y
0 0 140 0 0 z
1711 0 150 418 0 z
1821 0 149 423 0 z
2167 0 176 421 0 z
0 0 181 421 0 z
2802 0 177 421 0 z
3303 0 178 421 0 z
0 0 239 418 0 z
466 0 307 419 0 z
0 0 315 417 0 z
0 0 315 423 0 z
4095 0 313 418 0 z
4095 0 315 3756 0 z
